15 15 15 15 15 15 15 15 15 15 15 15 15 15 15 10 10
15 18 18 18 18 18 18 18 18 18 18 18 18 18 15 10 10
15 10 11 10 11 10 11 10 11 10 11 10 11 10 15 10 10
15 10 11 10 11 10 11 10 11 10 11 10 11 10 15 10 10
15 10 11 10 11 10 11 15 11 10 11 10 11 10 15 10 10
15 10 11 10 11 10 10 10 10 10 11 10 11 10 15 10 10
15 10 10 10 10 10 11 10 11 10 10 10 10 10 15 10 10
15 15 10 11 11 10 10 10 10 10 11 11 10 15 15 10 10
15 10 10 10 10 10 11 11 11 10 10 10 10 10 15 10 10
15 10 11 10 11 10 10 10 10 10 11 10 11 10 15 10 10
15 10 11 10 11 10 10 12 10 10 11 10 11 10 15 10 10
15 10 11 10 11 10 10 10 10 10 11 10 11 10 15 10 10
15 10 11 10 11 10 11 11 11 10 11 10 11 10 15 10 10
15 10 10 10 10 10 11 14 11 10 10 10 10 10 15 10 10
15 15 15 15 15 15 15 15 15 15 15 15 15 15 15 10 10